STATE_FILE	outputs/a100/pilot_b/v0-20260911-105159/checkpoint-125/trainer_state.json
best_checkpoint	/workspace/SKN31-FINAL-3Team/견적서 학습 데이터/finetuning/outputs/a100/pilot_b/v0-20260911-105159/checkpoint-125
best_metric	0.06581373
global_step	125
epoch	1.0

STEP	EPOCH	TRAIN_LOSS	EVAL_LOSS	LR
1	0.008	0.4192003309726715		0.0000028571428571428573
5	0.04	0.40784406661987305		0.000014285714285714287
10	0.08	0.2337712049484253		0.000019968120070307503
15	0.12	0.2100830078125		0.000019774033898178668
20	0.16	0.2036681890487671		0.000019407002666710334
25	0.2	0.14255112409591675		0.000018873520750565716
25	0.2		0.16074615716934204	
30	0.24	0.16856249570846557		0.00001818302775908169
35	0.28	0.10789140462875366		0.000017347741508630673
40	0.32	0.1397495985031128		0.000016382441836448203
45	0.36	0.10712245702743531		0.000015304209081197425
50	0.4	0.0989873468875885		0.000014132121857683782
50	0.4		0.10884308815002441	
55	0.44	0.09928649067878723		0.000012886919473396212
60	0.48	0.09204044938087463		0.000011590634960190722
65	0.52	0.08979382514953613		0.00001026620521437775
70	0.56	0.0787889003753662		0.000008937065143526349
75	0.6	0.04620019793510437		0.000007626733001288852
75	0.6		0.08093993365764618	
80	0.64	0.08048362135887147		0.000006358394247471779
85	0.68	0.04819118082523346		0.0000051544912966735
90	0.72	0.056128513813018796		0.000004036326414614985
95	0.76	0.08802636861801147		0.000003023684788650154
100	0.8	0.08617822527885437		0.0000021344844419735757
100	0.8		0.06730778515338898	
105	0.84	0.08430768251419067		0.0000013844591860619382
110	0.88	0.08967720866203308		7.868802212958704E-7
115	0.92	0.05543297529220581		3.5232131185484075E-7
120	0.96	0.08287326693534851		8.847168995992916E-8
125	1.0	0.054476726055145266		0.0
125	1.0		0.06581372767686844	

OUTPUT_FILES
outputs/a100/final_a/v1-20260911-114210/checkpoint-1476/trainer_state.json	69772 bytes
outputs/a100/final_a/v1-20260911-114210/checkpoint-1476/adapter_config.json	1340 bytes
outputs/a100/final_a/v1-20260911-114210/checkpoint-1476/adapter_model.safetensors	87205840 bytes
outputs/a100/final_a/v1-20260911-114210/checkpoint-1400/trainer_state.json	66201 bytes
outputs/a100/final_a/v1-20260911-114210/checkpoint-1400/adapter_config.json	1340 bytes
outputs/a100/final_a/v1-20260911-114210/checkpoint-1400/adapter_model.safetensors	87205840 bytes
outputs/a100/pilot_b/v0-20260911-105159/checkpoint-125/trainer_state.json	7326 bytes
outputs/a100/pilot_b/v0-20260911-105159/checkpoint-125/adapter_config.json	1429 bytes
outputs/a100/pilot_b/v0-20260911-105159/checkpoint-125/adapter_model.safetensors	102635624 bytes
outputs/a100/pilot_b/v0-20260911-105159/checkpoint-100/trainer_state.json	6094 bytes
outputs/a100/pilot_b/v0-20260911-105159/checkpoint-100/adapter_config.json	1429 bytes
outputs/a100/pilot_b/v0-20260911-105159/checkpoint-100/adapter_model.safetensors	102635624 bytes
outputs/a100/pilot_a/v0-20260911-101929/checkpoint-125/trainer_state.json	7361 bytes
outputs/a100/pilot_a/v0-20260911-101929/checkpoint-125/adapter_config.json	1340 bytes
outputs/a100/pilot_a/v0-20260911-101929/checkpoint-125/adapter_model.safetensors	87205840 bytes
outputs/a100/pilot_a/v0-20260911-101929/checkpoint-100/trainer_state.json	6125 bytes
outputs/a100/pilot_a/v0-20260911-101929/checkpoint-100/adapter_config.json	1340 bytes
outputs/a100/pilot_a/v0-20260911-101929/checkpoint-100/adapter_model.safetensors	87205840 bytes
outputs/a100-smoke-hf/pilot_a/v0-20260911-101522/checkpoint-3/trainer_state.json	1345 bytes
outputs/a100-smoke-hf/pilot_a/v0-20260911-101522/checkpoint-3/adapter_config.json	1340 bytes
outputs/a100-smoke-hf/pilot_a/v0-20260911-101522/checkpoint-3/adapter_model.safetensors	87205840 bytes
